3,
.107,    
-20.,
5, 
.082,    
-59.6,
6,
.163,    
-73.9,
9,
.0966,    
-57.6,
12,    
.0984,    
-18.,
11,
.108,    
-25.3,
14,
.112,   
-37.3,
105,
.0791,   
-13.5,
106,
.098,   
-79.7,
107,
.05,   
30.5,
100,
.0938,   
-70.9,
110,
.0973,   
-10.9,
111,
.0743,  
-14,
112,
.0967,  
-37.3,
114,
.0856,  
-40.6,
15,
.126,
-68.3,
115,
.0889, 
-28.9,



4     3
5     5
7     6
2     9
10    12
11    11
13    14
105   105
106   106
107   107
108   100
110   110
111   111
112   112
114   114
8     15
115   115
detector channel
