305	1	0   0
305	2	0   0
305	0	0   0
305	3	0   0
305	4	0   0
305	5	0   0
305	6	0   0
305	7	0   0
305	8	0   0
305	9	0   0
305	10	0   0
305	11	0   0
305	12	0   0
305	13	0   0
305	14	0   0
305	15	0   0
305	16	0   0
306	0	0   0
306	1	0   0
306	2	0   0
306	3	0   0
306	4   0   0
306	5	0   0
306	6	0   0
306	7	0   0
306	8	0   0
306	9	0   0
306	10	0   0
306	11	0   0
306	12	0   0
306	13	0   0
306	14	0   0
306	15	0   0
306	16  0   0
307	0	0   0
307	1	0   0
307	2	0   0
307	3   0   0
307	4	0   0
307	5	0   0
307	6	0   0
307	7	0   0
307	8	0   0
307	9	0   0
307	10	0   0
307	11	0   0
307	12	0   0
307	13	0   0
307	14	0   0
307	15	0   0
307	16	0   0
308	0	0   0
308	1	0   0
308	2	0   0
308	3	0   0
308	4	0   0
308	5	0   0
308	6	0   0
308	7	0   0
308	8	0   0
308	9	0   0
308	10	0   0
308	11	0   0
308	12	0   0
308	13	0   0
308	14	0   0
308	15	0   0
308	16	0   0
309	0	0   0
309	1	0   0
309	2	0   0
309	3	0   0
309	4	0   0
309	5	0   0
309	6	0   0
309	7	0   0
309	8	0   0
309	9	0   0
309	10	0   0
309	11	0   0
309	12	0   0
309	13	0   0
309	14	0   0
309	15	0   0
309	16	0   0
310	0	0   0
310	1	0   0
310	2   0   0
310	3	0   0
310	4	0   0
310	5	0   0
310	6	0   0
310	7	0   0
310	8	0   0
310	9	0   0
310	10	0   0
310	11	0   0
310	12	0   0
310	13	0   0
310	14	0   0
310	15	0   0
310	16	0   0
311	0	0   0
311	1	0   0
311	2	0   0
311	3	0   0
311	4	0   0
311	5	0   0
311	6	0   0
311	7	0   0
311	8	0   0
311	9	0   0
311	10	0   0
311	11	0   0
311	12	0   0
311	13	0   0
311	14	0   0
311	15	0   0
311	16	0   0
300	0	0   0
300	1	0   0
300	2	0   0
300	3	0   0
300	4	0   0
300	5	0   0
300	6	0   0
300	7	0   0
300	8	0   0
300	9	0   0
300	10	0   0
300	11	0   0
300	12	0   0
300	13	0   0
300	14	0   0
300	15	0   0
300	16	0   0
312	0	-8. 0
312	1	-8. 0
312	2	-8. 0
312	3	-8. 0
312	4	-8. 0
312	5	-8. 0
312	6	-8. 0
312	7	8.  0
312	8	8.  0
312	9	8.  0
312	10	8.  0
312	11	8.  0
312	12	8.  0
312	13	8.  0
312	14	8.  0
312	15	-8. 0
312	16	8.  0
313	0	0   0
313	1	0   0
313	2	0   0
313	3	0   0
313	4	0   0
313	5	0   0
313	6	0   0
313	7   0   0
313	8	0   0
313	9	0   0
313	10  0   0
313	11	0   0
313	12	0   0
313	13	0   0
313	14	0   0
313	15	0   0
313	16	0   0
314	0	0   0
314	1	0   0
314	2	0   0
314	3	0   0
314	4	0   0
314	5	0   0
314	6	0   0
314	7	0   0
314	8	0   0
314	9	0   0
314	10	0   0
314	11	0   0
314	12	0   0
314	13	0   0
314	14	0   0
314	15	0   0
314	16	0   0
315	0	0   0
315	1	0   0
315	2	0   0
315	3	0   0
315	4	0   0
315	5	0   0
315	6	0   0
315	7	0   0
315	8	0   0
315	9	0   0
315	10	0   0
315	11	0   0
315	12	0   0
315	13	0   0
315	14	0   0
315	15	0   0
315	16	0   0
316	0	-8. 0
316	1	-8. 0
316	2	-8. 0
316	3	-8. 0
316	4	-8. 0
316	5	-8. 0
316	6	-8. 0
316	7	8.  0
316	8	8.  0
316	9	8.  0
316	10	8.  0
316	11	8.  0
316	12	8.  0
316	13	8.  0
316	14	8.  0
316	15	-8. 0
316	16	8.  0
317	0	0   0
317	1	0   0
317	2	0   0
317	3	0   0
317	4	0   0
317	5	0   0
317	6	0   0
317	7	0   0
317	8	0   0
317	9	0   0
317	10	0   0
317	11	0   0
317	12	0   0
317	13	0   0
317	14	0   0
317	15	0   0
317	16	0   0
318	0   0   0
318	1	0   0
318	2	0   0
318	3   0   0
318	4	0   0
318	5	0   0
318	6	0   0
318	7	0   0
318	8	0   0
318	9	0   0
318	10	0   0
318	11	0   0
318	12	0   0
318	13	0   0
318	14	0   0
318	15	0   0
318	16	0   0
319	0	0   0
319	1	0   0
319	2	0   0
319	3	0   0
319	4	0   0
319	5	0   0
319	6	0   0
319	7	0   0
319	8	0   0
319	9	0   0
319	10	0   0
319	11	0   0
319	12	0   0
319	13	0   0
319	14	0   0
319	15	0   0
319	16	0   0
320	0	8.  0
320	1   8.  0
320	2	8.  0
320	3	8.  0
320	4	8.  0
320	5	8.  0
320	6	8.  0
320	7	8.  0
320	8	8.  0
320	9	8.  0
320	10  8.  0
320	11	8.  0
320	12	8.  0
320	13	8.  0
320	14	8.  0
320	15	8.  0
320	16	8.  0
224 0   -28. 0 
224	1	-18. 0 
224	2	-28. 0 
224	3	-28. 0 
224	4	-28. 0 
224	5	-28. 0 
224	6	-28. 0 
224	7	-12. 0 
224	8	-12. 0 
224	9	-28. 0 
224	10	-12. 0 
224	11	-10. 0 
224	12	-12. 0 
224	13	-12. 0 
224	14	-12. 0 
224	15	-28. 0 
224	16	-12. 0 
225	0	-12. 0 
225	1	-12. 0 
225	2	-12. 0 
225	3	-12. 0 
225	4	-12. 0 
225	5	-12. 0 
225	6   -12. 0 
225	7	-12. 0 
225	8	-12. 0 
225	9	-12. 0 
225	10	-12. 0 
225	11	-12. 0 
225	12	-12. 0 
225	13	-12. 0 
225	14	-12. 0 
225	15	-12. 0 
225	16	-12. 0 
226	0	0  0
226	1	0  0
226	2	0    0
226	3	0    0
226	4	0    0
226	5	0    0
226	6	0    0
226	7	0    0
226	8	0    0
226	9	0    0
226	10	0    0
226	11	0    0
226	12	0    0
226	13	0    0
226	14	0    0
226	15	0    0
226	16	0    0
227	0	0    0
227	1	0    0
227	2	0    0
227	3	0    0
227	4	0    0
227	5	0    0
227	6	0    0
227	7	0    0
227	8	0    0
227	9	0    0
227	10	0    0
227	11	0    0
227	12	0    0
227	13	0    0
227	14	0    0
227	15	0    0
227	16	0    0
228	0	-20.  0
228	1	-20.  0
228	2	-20.  0
228	3	-20.  0
228	4	-20.  0
228	5   -20.  0
228	6	-20.  0
228	7	-20.  0
228	8	-20.  0
228	9	-20.  0
228	10	-20.  0
228	11	-20.  0
228	12	-20.  0
228	13  -20.  0
228	14	-20.  0
228	15	-20.  0
228	16	-20.  0
229	0	-20.  0
229	1	-20.  0
229	2	-20.  0
229	3	-20.  0
229	4	-20.  0
229	5	-20.  0
229	6	-20.  0
229	7	-20.  0
229	8	-20.  0
229	9	-20.  0
229	10	-20.  0
229	11	-20.  0
229	12  -20.  0
229	13	-20.  0
229	14	-20.  0
229	15	-20.  0
229	16	-20.  0
230	0	-12.  0
230	1	-12.  0
230	2	-12.  0
230	3	-12.  0
230	4	-12.  0
230	5	-12.  0
230	6	-12.  0
230	7	-12.  0
230	8	-12.  0
230	9	-12.  0
230	10	-12.  0
230	11	-12.  0
230	12	-12.  0
230	13	-12.  0
230	14	-12.  0
230	15	-12.  0
230	16	-12.  0
231	0	-28.  0
231	1	-12.  0
231	2	-28.  0
231	3	-28.  0
231	4	-28.  0
231	5	-28.  0
231	6	-28.  0
231	7	-12.  0
231	8	-12.  0
231	9	-28.  0
231	10	-12.  0
231	11	-12.  0
231	12	-12.  0
231	13	-12.  0
231	14	-12.  0
231	15	-28.  0
231	16	-12.  0
234	0	0.  0
234	1	0.  0
234	2	0.  0
234	3	0.  0
234	4	0.  0
234	5	0.  0
234	6	0.  0
234	7	0.  0
234	8	0.  0
234	9	0.  0
234	10	0.  0
234	11	0.  0
234	12	0.  0
234	13	0.  0
234	14	0.  0
234	15	0.  0
234	16	0.  0
232	0	-28.  0
232	1	-28.  0
232	2   -28.  0
232	3	-28.  0
232	4	-28.  0
232	5	-28.  0
232	6	-28.  0
232	7	-14.  0
232	8	-12.  0
232	9	-28.  0
232	10	-12.  0
232	11	-12.  0
232	12	-8.  0
232	13	-12.  0
232	14	-12.  0
232	15	-28.  0
232	16	-14.  0
233	0	-48.  0
233	1	-6.  0
233	2	-48.  0
233	3	-48.  0
233	4	-48.  0
233	5	-48.  0
233	6	-48.  0
233	7	-48.  0
233	8	-48.  0
233	9	-48.  0
233	10	-48.  0
233	11	-48.  0
233	12	-48.  0
233	13	-48.  0
233	14	-48.  0
233	15	-48.  0
233	16	-48.  0
240	0	-22.  0
240	1	-18.  0
240	2   -18.  0
240	3	-18.  0
240	4	-18.  0
240	5	-18.  0
240	6	-18.  0
240	7	-18.  0
240	8	-18.  0
240	9	-18.  0
240	10	-18.  0
240	11	-18.  0
240	12	-18.  0
240	13	-18.  0
240	14	-18.  0
240	15	-18.  0
240	16	-18.  0
241	0	0  0
241	1	0  0
241	2	0  0
241	3	0  0
241	4	0  0
241	5	0  0
241	6	0  0
241	7	0  0
241	8	0  0
241	9	0  0
241	10	0  0
241	11	0  0
241	12	0  0
241	13	0  0
241	14	0  0
241	15	0  0
241	16	0  0
242	0	0  0
242	1	0  0
242	2	0  0
242	3	0  0
242	4	0  0
242	5	0  0
242	6	0  0
242	7	0  0
242	8	0  0
242	9	0  0
242	10	0  0
242	11	0  0
242	12	0  0
242	13	0  0
242	14	0  0
242	15	0  0
242	16	0  0
243	0	0  0
243	1	0  0
243	2	0  0
243	3	0  0
243	4	0  0
243	5	0  0
243	6	0  0
243	7	0  0
243	8	0  0
243	9	0  0
243	10	0  0
243	11	0  0
243	12	0  0
243	13	0  0
243	14	0  0
243	15	0  0
243	16	0  0
244	0	0  0
244	1	0  0
244	2	0  0
244	3	0  0
244	4	0  0
244	5	0  0
244	6	0  0
244	7	0  0
244	8	0  0
244	9	0  0
244	10	0  0
244	11	0  0
244	12	0  0
244	13	0  0
244	14	0  0
244	15	0  0
244	16	0  0
245	0	0  0
245	1	0  0
245	2	0  0
245	3	0  0
245	4	0  0
245	5	0  0
245	6	0  0
245	7	0  0
245	8	0  0
245	9   0  0
245	10	0  0
245	11	0  0
245	12	0  0
245	13	0  0
245	14	0  0
245	15	0  0
245	16	0  0
246	0	2.  0
246	1	2.  0
246	2	2.  0
246	3	2.  0
246	4	2.  0
246	5	2.  0
246	6	2.  0
246	7	2.  0
246	8	2.  0
246	9	2.  0
246	10	2.  0
246	11	2.  0
246	12	2.  0
246	13	2.  0
246	14	2.  0
246	15	2.  0
246	16	2.  0
247	0	-12.  0
247	1	-12.  0
247	2	-12.  0
247	3	-12.  0
247	4	-12.  0
247	5	-12.  0
247	6   -12.  0
247	7	-12.  0
247	8	-12.  0
247	9	-12.  0
247	10	-12.  0
247	11	-12.  0
247	12	-12.  0
247	13	-12.  0
247	14	-12.  0
247	15	-12.  0
247	16	-12.  0
248	0	-12.  0
248	1	-12.  0
248	2	-12.  0
248	3   -12.  0
248	4	-12.  0
248	5	-12.  0
248	6	-12.  0
248	7	-12.  0
248	8	-12.  0
248	9	-12.  0
248	10	-12.  0
248	11	-12.  0
248	12	-12.  0
248	13	-12.  0
248	14	-12.  0
248	15	-12.  0
248	16	-12.  0
249	0	0  0
249	1	0  0
249	2	0  0
249	3	0  0
249	4	0  0
249	5	0  0
249	6	0  0
249	7	0  0
249	8	0  0
249	9	0  0
249	10	0  0
249	11	0  0
249	12	0  0
249	13	0  0
249	14	0  0
249	15	0  0
249	16	0  0
250	0	-6.  0
250	1	-6.  0
250	2	-6.  0
250	3	-6.  0
250	4	-6.  0
250	5	-6.  0
250	6	-6.  0
250	7	10.  0
250	8	10.  0
250	9	-6.  0
250	10	10.  0
250	11	10.  0
250	12	10.  0
250	13	10.  0
250	14	10.  0
250	15	-6.  0
250	16	10.  0
251	0	-6.  0
251	1	-6.  0
251	2	-6.  0
251	3	-6.  0
251	4	-6.  0
251	5	-6.  0
251	6	-6.  0
251	7	10.  0
251	8   10.  0
251	9   10.  0
251	10  10.  0
251	11  10.  0
251	12  10.  0
251	13  10.  0
251	14  10.  0
251	15	-6.  0
251	16	10.  0
252	0	10.  0
252	1	10.  0
252	2	10.  0
252	3	10.  0
252	4	10.  0
252	5	10.  0
252	6	10.  0
252	7	10.  0
252	8	10.  0
252	9	10.  0
252	10	10.  0
252	11	10.  0
252	12	10.  0
252	13	10.  0
252	14	10.  0
252	15	10.  0
252	16	10.  0
253	0	-6.  0
253	1	-6.  0
253	2	-6.  0
253	3	-6.  0
253	4	-6.  0
253	5	-6.  0
253	6	-6.  0
253	7	10.  0
253	8	10.  0
253	9	-6.  0
253	10	10.  0
253	11	10.  0
253	12	10.  0
253	13	10.  0
253	14	10.  0
253	15	-6.  0
253	16	10.  0
254	0	10.  0
254	1	10.  0
254	2	10.  0
254	3	10.  0
254	4	10.  0
254	5	10.  0
254	6	10.  0
254	7	10.  0
254	8	10.  0
254	9	10.  0
254	10	10.  0
254	11	10.  0
254	12	10.  0
254	13	10.  0
254	14	10.  0
254	15	8.  0
254	16	10.  0
255	0	2.  0
255	1	2.  0
255	2	0.  0
255	3	2.  0
255	4	2.  0
255	5	6.  0
255	6   2.  0
255	7	2.  0
255	8	2.  0
255	9	2.  0
255	10	0.  0
255	11	2.  0
255	12	0.  0
255	13	2.  0
255	14	2.  0
255	15	2.  0
255	16	2.  0
269	0	0  0
269	1	0  0
269	2	0  0
269	3	0  0
269	4	0  0
269	5	4.  0
269	6	0  0
269	7	0  0
269	8	0  0
269	9	0  0
269	10	0  0
269	11	0  0
269	12	0  0
269	13	0  0
269	14	0  0
269	15	0  0
269	16	0  0
270	0	0  0
270	1	0  0
270	2	0  0
270	3	0  0
270	4	0  0
270	5	4.  0
270	6	0  0
270	7	0  0
270	8	0  0
270	9   0  0
270	10	0  0
270	11	0  0
270	12	0  0
270	13	0  0
270	14	0  0
270	15	0  0
270	16	0  0
271	0	2.  0
271	1	2.  0
271	2	0.  0
271	3	2.  0
271	4	0.  0
271	5	4.  0
271	6	0  0
271	7	2.  0
271	8	2.  0
271	9	0  0
271	10	2.  0
271	11	2.  0
271	12	2.  0
271	13	0  0
271	14	0  0
271	15	2.  0
271	16	2.  0
272	0	2.  0
272	1	2.  0
272	2	0.  0
272	3	2.  0
272	4	0.  0
272	5	6.  0
272	6	0.  0
272	7	2.  0
272	8	0.  0
272	9	2.  0
272	10	2.  0
272	11	2.  0
272	12	2.  0
272	13	0.  0
272	14	0.  0
272	15	2.  0
272	16	2.  0
273	0	2.  0
273	1   2.  0
273	2	2.  0
273	3	2.  0
273	4	2.  0
273	5	6.  0
273	6	0  0
273	7	2.  0
273	8	2.  0
273	9	0  0
273	10	0.  0
273	11	0.  0
273	12	2.  0
273	13	0  0
273	14	2.  0
273	15	2.  0
273	16	2.  0
274	0	0  0
274	1	0  0
274	2	0  0
274	3	0  0
274	4	0  0
274	5	4.  0
274	6	0  0
274	7	0  0
274	8	0  0
274	9	0  0
274	10	0  0
274	11	0  0
274	12	0  0
274	13	0  0
274	14	0  0
274	15	0  0
274	16	0  0
275	0	2.  0
275	1	2.  0
275	2	2.  0
275	3	2.  0
275	4	2.  0
275	5	6.  0
275	6	0.  0
275	7	2.  0
275	8	2.  0
275	9	2.  0
275	10	2.  0
275	11	0.  0
275	12	2.  0
275	13	0  0
275	14	2.  0
275	15	2.  0
275	16	2.  0
279	0	0  0
279	1	0  0
279	2	0  0
279	3	0  0
279	4	0  0
279	5	0  0
279	6	0  0
279	7	0  0
279	8	0  0
279	9	0  0
279	10	0  0
279	11	0  0
279	12	0  0
279	13	0  0
279	14	0  0
279	15	0  0
279	16	0  0
280	0	-8  0
280	1	-8  0
280	2	-8  0
280	3	-8  0
280	4	-8  0
280	5	-4.  0
280	6	-8  0
280	7	-8  0
280	8	-8  0
280	9	-8  0
280	10	-8  0
280	11	-8  0
280	12	-8  0
280	13	-8  0
280	14	-8  0
280	15	-8  0
280	16	-8  0
281	0	0  0
281	1	0  0
281	2	0  0
281	3	0  0
281	4	0  0
281	5	4.  0
281	6	0  0
281	7   0  0
281	8	0  0
281	9	0  0
281	10	0  0
281	11	0  0
281	12	0  0
281	13	0  0
281	14	0  0
281	15	0  0
281	16	0  0
282	0	2  0
282	1	2  0
282	2	2  0
282	3	2  0
282	4	0  0
282	5	4.  0
282	6	0  0
282	7	0  0
282	8	0  0
282	9	0  0
282	10	0  0
282	11	0  0
282	12	0  0
282	13	0  0
282	14	0  0
282	15	0  0
282	16	0  0
283	0	-8.  0
283	1	-8.  0
283	2	-8.  0
283	3	-8.  0
283	4	-8.  0
283	5	-8.  0
283	6	-8.  0
283	7	-8.  0
283	8	-8.  0
283	9	-8.  0
283	10	-8.  0
283	11	-8.  0
283	12	-8.  0
283	13	-8.  0
283	14	-8.  0
283	15	-8.  0
283	16	-8.  0
284	0	-8.  0
284	1	-8.  0
284	2	-8.  0
284	3	-8.  0
284	4	-8.  0
284	5	-8.  0
284	6	-8.  0
284	7	-8.  0
284	8	-8.  0
284	9	-8.  0
284	10	-8.  0
284	11	-8.  0
284	12	-8.  0
284	13	-8.  0
284	14	-8.  0
284	15	-8.  0
284	16	-8.  0
285	0	0  0
285	1	0  0
285	2	0  0
285	3	0  0
285	4	0  0
285	5	0  0
285	6	0  0
285	7	0  0
285	8	0  0
285	9	0  0
285	10	0  0
285	11	0  0
285	12	0  0
285	13	0  0
285	14	0  0
285	15	0  0
285	16	0  0
286	0	-10.  0
286	1	-6.  0
286	2	-6.  0
286	3	-6.  0
286	4	-6.  0
286	5	-6.  0
286	6	-6.  0
286	7	10.  0
286	8	10.  0
286	9	-6.  0
286	10	10.  0
286	11	10.  0
286	12	10.  0
286	13	8.  0
286	14	8.  0
286	15	-6.  0
286	16	10.  0
287	0	2  0
287	1	2  0
287	2	0  0
287	3	2  0
287	4	0  0
287	5	2  0
287	6	0  0
287	7	2  0
287	8	0  0
287	9	2  0
287	10	0  0
287	11	2  0
287	12	2  0
287	13	0  0
287	14	0  0
287	15	2  0
287	16	2  0
288	0   -6.  0
288	1	-6.  0
288	2	-8.  0
288	3	-6.  0
288	4	-8.  0
288	5	-6.  0
288	6	-8.  0
288	7	10.  0
288	8	8.  0
288	9	-6.  0
288	10	8.  0
288	11	8.  0
288	12	10.  0
288	13  8.  0
288	14	8.  0
288	15	-6.  0
288	16	10.  0
289	0	0  0
289	1	0  0
289	2	0  0
289	3	0  0
289	4	0  0
289	5	0  0
289	6	0  0
289	7	0  0
289	8	0  0
289	9	0  0
289	10	0  0
289	11	0  0
289	12	0  0
289	13	0  0
289	14	0  0
289	15	0  0
289	16	0  0
290	0	0  0
290	1	0  0
290	2	0  0
290	3   0  0
290	4	0  0
290	5	0  0
290	6	0  0
290	7	0  0
290	8	0  0
290	9	0  0
290	10	0  0
290	11	0  0
290	12	0  0
290	13	0  0
290	14	0  0
290	15	0  0
290	16	0  0
291	0	0  0
291	1	0  0
291	2	0  0
291	3	0  0
291	4	0  0
291	5	0  0
291	6	0  0
291	7	0  0
291	8	0  0
291	9	0  0
291	10	0  0
291	11	0  0
291	12	0  0
291	13  0  0
291	14	0  0
291	15	0  0
291	16	0  0
292	0   0  0
292	1	0  0
292	2	0  0
292	3	0  0
292	4	0  0
292	5	0  0
292	6	0  0
292	7	0  0
292	8	0  0
292	9   0  0
292	10	0  0
292	11	0  0
292	12	0  0
292	13	0  0
292	14  0  0
292	15	0  0
292	16	0  0
293	0	0  0
293	1	0  0
293	2	0  0
293	3	0  0
293	4	0  0
293	5	0  0
293	6	0  0
293	7	0  0
293	8	0  0
293	9	0  0
293	10	0  0
293	11	0  0
293	12	0  0
293	13	0  0
293	14	0  0
293	15	0  0
293	16	0  0
294	0	0  0
294	1	0  0
294	2	0  0
294	3	0  0
294	4	0  0
294	5	0  0
294	6	0  0
294	7	0  0
294	8	0  0
294	9	0  0
294	10	0  0
294	11	0  0
294	12	0  0
294	13	0  0
294	14	0  0
294	15	0  0
294	16	0  0
295	0	8  0
295	1	8  0
295	2	8  0
295	3	8  0
295	4	8  0
295	5	8  0
295	6	8  0
295	7	8  0
295	8	8  0
295	9	8  0
295	10	8  0
295	11  8  0
295	12	8  0
295	13	8  0
295	14	8  0
295	15	8  0
295	16	8  0
296	0	0  0
296	1	0  0
296	2	0  0
296	3	0  0
296	4	0  0
296	5	0  0
296	6	0  0
296	7	0  0
296	8	0  0
296	9	0  0
296	10	0  0
296	11	0  0
296	12	0  0
296	13	0  0
296	14	0  0
296	15	0  0
296	16	0  0
297	0	0  0
297	1	0  0
297	2	0  0
297	3	0  0
297	4	0  0
297	5	0  0
297	6	0  0
297	7	0  0
297	8	0  0
297	9	0  0
297	10	0  0
297	11	0  0
297	12	0  0
297	13	0  0
297	14	0  0
297	15	0  0
297	16	0  0
298	0	0  0
298	1	0  0
298	2	0  0
298	3	0  0
298	4	0  0
298	5   0  0
298	6	0  0
298	7	0  0
298	8	0  0
298	9	0  0
298	10	0  0
298	11	0  0
298	12	0  0
298	13	0  0
298	14	0  0
298	15	0  0
298	16	0  0
220	0	-46.  0
220	1	-46.  0
220	2	-46.  0
220	3	-46.  0
220	4	-46.  0
220	5	-46.  0
220	6	-46.  0
220	7	-46.  0
220	8	-46.  0
220	9	-46.  0
220	10	-42.  0
220	11	-42.  0
220	12	-46.  0
220	13	-46.  0
220	14	-42.  0
220	15	-46.  0
220	16	-42.  0
223	0	-22.  0
223	1	-26.  0
223	2	-26.  0
223	3	-26.  0
223	4	-26.  0
223	5	-24.  0
223	6	-26.  0
223	7	-26.  0
223	8	-26.  0
223	9	-26.  0
223	10	-26.  0
223	11	-26.  0
223	12	-26.  0
223	13	-26.  0
223	14	-26.  0
223	15	-26.  0
223	16	-26.  0
144	0	-73     0
144	1	-73  0
144	2	-73  0
144	3	-73  0
144	4	-73  0
144	5	-73  0
144	6	-73  0
144	7	-73  0
144	8	-73  0
144	9	-73  0
144	10	-73  0
144	11	-73  0
144	12	-73  0
144	13	-73  0
144	14	-73  0
144	15	-73  0
144	16	-73  0
145	0	-73  0
145	1	-73  0
145	2	-73  0
145	3	-73  0
145	4	-73  0
145	5	-73  0
145	6	-73  0
145	7	-73  0
145	8	-73  0
145	9	-73  0
145	10	-73  0
145	11	-73  0
145	12	-73  0
145	13	-73  0
145	14	-73  0
145	15	-73  0
145	16	-73  0
146	0	-73  0
146	1	-73  0
146	2	-73  0
146	3	-73  0
146	4	-73  0
146	5	-73  0
146	6	-73  0
146	7	-73  0
146	8	-73  0
146	9	-73  0
146	10	-73  0
146	11	-73  0
146	12	-73  0
146	13	-73  0
146	14	-73  0
146	15	-73  0
146	16	-73  0
147	0	-57  0
147	1	-57  0
147	2	-57  0
147	3	-57  0
147	4	-57  0
147	5	-57  0
147	6	-57  0
147	7	-57  0
147	8	-57  0
147	9	-57  0
147	10	-57  0
147	11	-57  0
147	12	-57  0
147	13	-57  0
147	14	-57  0
147	15	-57  0
147	16	-57  0
148	0	-73  0
148	1   -73  0
148	2	-73  0
148	3   -73  0
148	4	-73  0
148	5   -73  0
148	6	-73  0
148	7   -73  0
148	8	-73  0
148	9	-73  0
148	10	-73  0
148	11	-73  0
148	12	-73  0
148	13	-73  0
148	14	-73  0
148	15	-73  0
148	16	-73  0
149	0	0.  0
149	1	0.  0
149	2	0.  0
149	3	0.  0
149	4	0.  0
149	5	0.  0
149	6	0.  0
149	7	0.  0
149	8	0.  0
149	9	0.  0
149	10	0.  0
149	11	0.  0
149	12	0.  0
149	13	0.  0
149	14	0.  0
149	15	0.  0
149	16	0.  0
150	0	-84.  0
150	1	-84.  0
150	2	-84.  0
150	3	-84.  0
150	4	-84.  0
150	5	-84.  0
150	6	-84.  0
150	7	-84.  0
150	8	-84.  0
150	9	-84.  0
150	10	-84.  0
150	11	-84.  0
150	12	-84.  0
150	13	-84.  0
150	14	-84.  0
150	15	-84.  0
150	16	-84.  0
151	0	0.  0
151	1	0.  0
151	2   0.  0
151	3	0.  0
151	4	0.  0
151	5	0.  0
151	6	0.  0
151	7	0.  0
151	8	0.  0
151	9	0.  0
151	10	0.  0
151	11	0.  0
151	12	0.  0
151	13	0.  0
151	14	0.  0
151	15	0.  0
151	16	0.  0
152	0	0  0
152	1	0  0
152	2	0  0
152	3	0  0
152	4	0  0
152	5	0  0
152	6	0  0
152	7	0  0
152	8	0  0
152	9	0  0
152	10	0  0
152	11	0  0
152	12	0  0
152	13	0  0
152	14	0  0
152	15	0  0
152	16	0  0
153	0	-104.  0
153	1	-84.  0
153	2	-104.  0
153	3	-104.  0
153	4	-104.  0
153	5	-104.  0
153	6	-104.  0
153	7	-84.  0
153	8	-84.  0
153	9	-84.  0
153	10	-84.  0
153	11	-84.  0
153	12	-84.  0
153	13	-84.  0
153	14	-84.  0
153	15	-74.  0
153	16	-84.  0
154	0	0  0
154	1	0  0
154	2	0  0
154	3	0  0
154	4	0  0
154	5	0  0
154	6	0  0
154	7	0  0
154	8	0  0
154	9	0  0
154	10	0  0
154	11	0  0
154	12	0  0
154	13	0  0
154	14	0  0
154	15	0  0
154	16	0  0
155	0	0  0
155	1	0  0
155	2	0  0
155	3	0  0
155	4	0  0
155	5	0  0
155	6	0  0
155	7	0  0
155	8	0  0
155	9	0  0
155	10	0  0
155	11	0  0
155	12	0  0
155	13	0  0
155	14	0  0
155	15	0  0
155	16	0  0
156	0	0  0
156	1	0  0
156	2	0  0
156	3	0  0
156	4	0  0
156	5	0  0
156	6	0  0
156	7	0  0
156	8	0  0
156	9	0  0
156	10	0  0
156	11	0  0
156	12	0  0
156	13	0  0
156	14	0  0
156	15	0  0
156	16	0  0
158	0	-86.  0
158	1	-86.  0
158	2	-86.  0
158	3	-86.  0
158	4	-86.  0
158	5	-86.  0
158	6	-86.  0
158	7	-86.  0
158	8	-86.  0
158	9	-86.  0
158	10	-86.  0
158	11	-86.  0
158	12	-86.  0
158	13	-86.  0
158	14	-86.  0
158	15	-86.  0
158	16	-86.  0
159	0	-104.  0
159	1	-86.  0
159	2	-72.  0
159	3	-72.  0
159	4	-104.  0
159	5	-104.  0
159	6	-104.  0
159	7	-86.  0
159	8	-86.  0
159	9	-86.  0
159	10	-86.  0
159	11	-86.  0
159	12	-86.  0
159	13	-86.  0
159	14	-86.  0
159	15	-86.  0
159	16	-86.  0
160	0	-89.  0
160	1	-84.  0
160	2	-86.  0
160	3	-86.  0
160	4	-84.  0
160	5	-89.  0
160	6	-86.  0
160	7	-84.  0
160	8	-84.  0
160	9	-84.  0
160	10	-84.  0
160	11	-84.  0
160	12	-86.  0
160	13	-84.  0
160	14	-84.  0
160	15	-84.  0
160	16	-84.  0
264	0	-8.  0
264	1	-8.  0
264	2	30.  0
264	3	-8.  0
264	4	30.  0
264	5	-8.  0
264	6	30.  0
264	7	-8.  0
264	8	30.  0
264	9	-8.  0
264	10	30.  0
264	11	30.  0
264	12	-12.  0
264	13	30.  0
264	14	30.  0
264	15	-8.  0
264	16	-12.  0
276	0	0  0
276	1	0  0
276	2	38  0
276	3	0  0
276	4	38  0
276	5	0  0
276	6	38  0
276	7	0  0
276	8	36  0
276	9	0  0
276	10	38  0
276	11	38  0
276	12	0  0
276	13	36  0
276	14	38  0
276	15	0  0
276	16	0  0
278	0	0  0
278	1	0  0
278	2	38  0
278	3	0  0
278	4	38  0
278	5	0  0
278	6	38  0
278	7	0  0
278	8	38  0
278	9	0  0
278	10	38  0
278	11	38  0
278	12	0  0
278	13	38  0
278	14	38  0
278	15	0  0
278	16	0  0
299	0	-2  0
299	1	-2  0
299	2	36  0
299	3	-2  0
299	4	36  0
299	5	-2  0
299	6	36  0
299	7	-2  0
299	8	36  0
299	9	-2  0
299	10	36  0
299	11	36  0
299	12	-2  0
299	13	36  0
299	14	36  0
299	15	-2  0
299	16	-2  0
302	0	6  0
302	1	6  0
302	2	44  0
302	3	6  0
302	4	44  0
302	5	6  0
302	6	42  0
302	7	6  0
302	8	44  0
302	9	6  0
302	10	44  0
302	11	44  0
302	12	6  0
302	13	44  0
302	14	44  0
302	15	6  0
302	16	6  0
304	0	-2  0
304	1	-2  0
304	2	36  0
304	3	-2  0
304	4	36  0
304	5	-2  0
304	6	36  0
304	7	-2  0
304	8	36  0
304	9	-2  0
304	10	36  0
304	11	36  0
304	12	-2  0
304	13	36  0
304	14	36  0
304	15	-2  0
304	16	-2  0
257	0	-50.  0
257	1	50.  0
257	2	46.  0
257	3	-52.  0
257	4	-16.  0
257	5	-52.  0
257	6	-14.  0
257	7	-36.  0
257	8	-4.  0
257	9	-16.  0
257	10	0.  0
257	11	-18.  0
257	12	-46.  0
257	13	0.  0
257	14	0.  0
257	15	-35.  0
257	16	-41.  0
261	0	-50.  0
261	1	50.  0
261	2	46.  0
261	3	-52.  0
261	4	-16.  0
261	5	-54.  0
261	6	-14.  0
261	7	-36.  0
261	8	-4.  0
261	9	-16.  0
261	10	0.  0
261	11	-18.  0
261	12	-46.  0
261	13	0.  0
261	14	0.  0
261	15	-35.  0
261	16	-41.  0
262	0	-50.  0
262	1	50.  0
262	2	46.  0
262	3	-52.  0
262	4	-16.  0
262	5	-54.  0
262	6	-14.  0
262	7	-36.  0
262	8	-4.  0
262	9	-16.  0
262	10	0.  0
262	11	-18.  0
262	12	-46.  0
262	13	0.  0
262	14	0.  0
262	15	-35.  0
262	16	-41.  0
263	0	-50.  0
263	1	50.  0
263	2	46.  0
263	3	-52.  0
263	4	-16.  0
263	5	-54.  0
263	6	-14.  0
263	7	-36.  0
263	8	-4.  0
263	9	-16.  0
263	10	0.  0
263	11	-18.  0
263	12	-46.  0
263	13	0.  0
263	14	0.  0
263	15	-35.  0
263	16	-41.  0
322	0	-52.  0
322	1	48.  0
322	2	44.  0
322	3	-54.  0
322	4	-18.  0
322	5	-52.  0
322	6	-16.  0
322	7	-38.  0
322	8	-6.  0
322	9	-18.  0
322	10	-2.  0
322	11	-20.  0
322	12	-48.  0
322	13	-2.  0
322	14	-2.  0
322	15	-37.  0
322	16	-43.  0
326	0	-60.  0
326	1	40.  0
326	2	36.  0
326	3	-62.  0
326	4	-26.  0
326	5	-60.  0
326	6	-24.  0
326	7	-30.  0
326	8	4.  0
326	9	0.  0
326	10	6.  0
326	11	-12.  0
326	12	-40.  0
326	13	6  0
326	14	6  0
326	15	-45.  0
326	16	-35.  0
236	0	0  0
236	1   0  0
236	2	-56  0
236	3	0  0
236	4	-56  0
236	5	0  0
236	6	-56  0
236	7	0  0
236	8	-54  0
236	9	0  0
236	10	-56  0
236	11	-56  0
236	12	0  0
236	13	-56  0
236	14	-56  0
236	15	0  0
236	16	0  0
235	0	0  0
235	1	0  0
235	2	-48  0
235	3	0  0
235	4	-48  0
235	5	0  0
235	6	-48  0
235	7	0  0
235	8	-48  0
235	9	0  0
235	10	-48  0
235	11	-48  0
235	12	0  0
235	13	-48  0
235	14	-48  0
235	15	0  0
235	16	0  0
329	0	0  0
329	1	0  0
329	2	-50  0
329	3	0  0
329	4	-50  0
329	5	0  0
329	6	-50  0
329	7	0  0
329	8	-50  0
329	9	0  0
329	10	-50  0
329	11	-50  0
329	12	0  0
329	13	-50  0
329	14	-50  0
329	15	0  0
329	16	0  0
330	0	0  0
330	1	0  0
330	2	-56  0
330	3	0  0
330	4	-56  0
330	5	0  0
330	6	-56  0
330	7	0  0
330	8	-56  0
330	9	0  0
330	10	-56  0
330	11	-56  0
330	12	0  0
330	13	-56  0
330	14	-56  0
330	15	0  0
330	16	0  0
132	0	0  0
132	1	0  0
132	2	0  0
132	3	0  0
132	4	0  0
132	5	0  0
132	6	0  0
132	7	0  0
132	8	0  0
132	9	0  0
132	10	0  0
132	11	0  0
132	12	0  0
132	13	0  0
132	14	0  0
132	15	0  0
132	16	0  0
139	0   0  0
139	1	0  0
139	2   0  0
139	3	0  0
139	4   0  0
139	5	0  0
139	6   0  0
139	7	0  0
139	8	0  0
139	9	0  0
139	10  0  0
139	11	0  0
139	12	0  0
139	13	0  0
139	14	0  0
139	15	0  0
139	16	0  0
143	0	0  0
143	1	0  0
143	2	0  0
143	3	0  0
143	4	0  0
143	5	0  0
143	6	0  0
143	7	0  0
143	8	0  0
143	9	0  0
143	10	0  0
143	11	0  0
143	12	0  0
143	13	0  0
143	14	0  0
143	15	0  0
143	16	0  0
144	0	0  0
144	1	0  0
144	2	0  0
144	3	0  0
144	4	0  0
144	5	0  0
144	6	0  0
144	7	0  0
144	8	0  0
144	9	0  0
144	10	0  0
144	11	0  0
144	12	0  0
144	13	0  0
144	14	0  0
144	15	0  0
144	16	0  0
145	0	0  0
145	1	0  0
145	2	0  0
145	3	0  0
145	4	0  0
145	5	0  0
145	6	0  0
145	7	0  0
145	8	0  0
145	9	0  0
145	10	0  0
145	11	0  0
145	12	0  0
145	13	0  0
145	14	0  0
145	15	0  0
145	16	0  0
146	0	0  0
146	1	0  0
146	2	0  0
146	3	0  0
146	4	0  0
146	5	0  0
146	6	0  0
146	7	0  0
146	8	0  0
146	9	0  0
146	10	0  0
146	11	0  0
146	12	0  0
146	13	0  0
146	14	0  0
146	15	0  0
146	16	0  0
147	0	0  0
147	1	0  0
147	2	0  0
147	3	0  0
147	4	0  0
147	5	0  0
147	6	0  0
147	7	0  0
147	8	0  0
147	9	0  0
147	10	0  0
147	11	0  0
147	12	0  0
147	13	0  0
147	14	0  0
147	15	0  0
147	16	0  0
148	0	0  0
148	1	0  0
148	2	0  0
148	3	0  0
148	4	0  0
148	5	0  0
148	6	0  0
148	7	0  0
148	8	0  0
148	9	0  0
148	10	0  0
148	11	0  0
148	12	0  0
148	13	0  0
148	14	0  0
148	15	0  0
148	16	0  0
149	0	0  0
149	1	0  0
149	2	0  0
149	3	0  0
149	4	0  0
149	5	0  0
149	6	0  0
149	7	0  0
149	8	0  0
149	9	0  0
149	10	0  0
149	11	0  0
149	12	0  0
149	13	0  0
149	14	0  0
149	15	0  0
149	16	0  0
161	0	-50.  0
161	1	-50.  0
161	2   -50.  0
161	3	-54.  0
161	4	-50.  0
161	5	-50.  0
161	6	-50.  0
161	7	-50.  0
161	8	-50.  0
161	9	-50.  0
161	10	-50.  0
161	11	-50.  0
161	12	-50.  0
161	13	-50.  0
161	14	-50.  0
161	15	-52.  0
161	16	-46.  0
162	0	-87.  0
162	1	-87.  0
162	2	-87.  0
162	3	-87.  0
162	4	-87.  0
162	5	-87.  0
162	6	-87.  0
162	7	-80.  0
162	8	-80.  0
162	9	-80.  0
162	10	-80.  0
162	11	-80.  0
162	12	-80.  0
162	13	-80.  0
162	14	-80.  0
162	15	-80.  0
162	16	-80.  0
163	0	-102.  0
163	1   -102.  0
163	2	-102.  0
163	3   -102.  0
163	4	-102.  0
163	5	-102.  0
163	6	-104.  0
163	7	-102.  0
163	8	-100.  0
163	9   -102.  0
163	10	-102.  0
163	11  -102.  0
163	12	-102.  0
163	13	-102.  0
163	14	-102.  0
163	15	-102.  0
163	16	-102.  0
164	0	-102.  0
164	1	-102.  0
164	2	-102.  0
164	3	-102.  0
164	4	-102.  0
164	5	-102.  0
164	6	-102.  0
164	7	-102.  0
164	8	-102.  0
164	9	-102.  0
164	10	-102.  0
164	11	-102.  0
164	12	-102.  0
164	13	-102.  0
164	14	-102.  0
164	15	-102.  0
164	16	-102.  0
168	0	-102.  0
168	1	-102.  0
168	2	-102.  0
168	3	-102.  0
168	4	-102.  0
168	5	-102.  0
168	6	-102.  0
168	7	-102.  0
168	8	-102.  0
168	9	-102.  0
168	10	-102.  0
168	11	-102.  0
168	12	-102.  0
168	13	-102.  0
168	14	-102.  0
168	15	-102.  0
168	16	-102.  0
205	0	-45.  0
205	1	-45.  0
205	2	-45.  0
205	3	-45.  0
205	4	-45.  0
205	5	-45.  0
205	6	-45.  0
205	7	-45.  0
205	8	-45.  0
205	9	-45.  0
205	10	-45.  0
205	11	-45.  0
205	12	-45.  0
205	13	-45.  0
205	14	-45.  0
205	15	-45.  0
205	16	-45.  0
207	0	-45.  0
207	1   -45.  0
207	2	-45.  0
207	3   -45.  0
207	4	-45.  0
207	5   -45.  0
207	6	-45.  0
207	7   -45.  0
207	8	-45.  0
207	9	-45.  0
207	10	-45.  0
207	11	-45.  0
207	12	-45.  0
207	13	-45.  0
207	14	-45.  0
207	15	-45.  0
207	16	-45.  0
208	0	-45.  0
208	1   -45.  0
208	2	-45.  0
208	3   -45.  0
208	4	-45.  0
208	5   -45.  0
208	6	-45.  0
208	7   -45.  0
208	8	-45.  0
208	9   -45.  0
208	10	-45.  0
208	11  -45.  0
208	12	-45.  0
208	13  -45.  0
208	14	-45.  0
208	15  -45.  0
208	16	-45.  0
218	0	-45.  0
218	1	-45.  0
218	2	-45.  0
218	3	-45.  0
218	4	-45.  0
218	5	-45.  0
218	6	-45.  0
218	7	-45.  0
218	8	-45.  0
218	9	-45.  0
218	10	-45.  0
218	11	-45.  0
218	12	-45.  0
218	13	-45.  0
218	14	-45.  0
218	15	-45.  0
218	16	-45.  0
219	0	-28.  0
219	1	-28.  0
219	2	-28.  0
219	3	-28.  0
219	4	-28.  0
219	5	-28.  0
219	6	-28.  0
219	7	-28.  0
219	8	-28.  0
219	9	-28.  0
219	10	-28.  0
219	11	-28.  0
219	12	-28.  0
219	13	-28.  0
219	14	-28.  0
219	15	-28.  0
219	16	-28.  0
120	0	0.  0
120	1	0.  0
120	2	0.  0
120	3	0.  0
120	4	0.  0
120	5	0.  0
120	6	0.  0
120	7	0.  0
120	8	0.  0
120	9	0.  0
120	10	0.  0
120	11	0.  0
120	12	0.  0
120	13	0.  0
120	14	0.  0
120	15	0.  0
120	16	0.  0
124	0	0.  0
124	1	0.  0
124	2	0.  0
124	3	0.  0
124	4	0.  0
124	5	0.  0
124	6	0.  0
124	7	0.  0
124	8	0.  0
124	9	0.  0
124	10	0.  0
124	11	0.  0
124	12	0.  0
124	13	0.  0
124	14	0.  0
124	15	0.  0
124	16	0.  0
352	0	0.  0
352	1	0.  0
352	2	0.  0
352	3	0.  0
352	4	0.  0
352	5	0.  0
352	6	0.  0
352	7	0.  0
352	8	0.  0
352	9	0.  0
352	10	0.  0
352	11	0.  0
352	12	0.  0
352	13	0.  0
352	14	0.  0
352	15	0.  0
352	16	0.  0
266	0	0.  0
266	1	0.  0
266	2	0.  0
266	3	0.  0
266	4	0.  0
266	5	0.  0
266	6	0.  0
266	7	0.  0
266	8	0.  0
266	9	0.  0
266	10	0.  0
266	11	0.  0
266	12	0.  0
266	13	0.  0
266	14	0.  0
266	15	0.  0
266	16	0.  0
267	0	0.  0
267	1	0.  0
267	2	0.  0
267	3	0.  0
267	4	0.  0
267	5	0.  0
267	6	0.  0
267	7	0.  0
267	8	0.  0
267	9	0.  0
267	10	0.  0
267	11	0.  0
267	12	0.  0
267	13	0.  0
267	14	0.  0
267	15	0.  0
267	16	0.  0
268	0	0.  0
268	1	0.  0
268	2	0.  0
268	3	0.  0
268	4	0.  0
268	5	0.  0
268	6	0.  0
268	7	0.  0
268	8	0.  0
268	9	0.  0
268	10	0.  0
268	11	0.  0
268	12	0.  0
268	13	0.  0
268	14	0.  0
268	15	0.  0
268	16	0.  0
178	0	0  0
178	1	0  0
178	2	0  0
178	3	0  0
178	4	0  0
178	5	0  0
178	6	0  0
178	7	0  0
178	8	0  0
178	9	0  0
178	10	0  0
178	11	0  0
178	12	0  0
178	13	0  0
178	14	0  0
178	15	0  0
178	16	0  0
179	0	0  0
179	1	0  0
179	2	0  0
179	3	0  0
179	4	0  0
179	5	0  0
179	6	0  0
179	7	0  0
179	8	0  0
179	9	0  0
179	10	0  0
179	11	0  0
179	12	0  0
179	13	0  0
179	14	0  0
179	15	0  0
179	16	0  0
142	0	0.  0
142	1	0.  0
142	2	0.  0
142	3	0.  0
142	4	0.  0
142	5	0.  0
142	6	0.  0
142	7	0.  0
142	8	0.  0
142	9	0.  0
142	10	0.  0
142	11	0.  0
142	12	0.  0
142	13	0.  0
142	14	0.  0
142	15	0.  0
142	16	0.  0
169	0	0.  0
169	1	0.  0
169	2	0.  0
169	3	0.  0
169	4	0.  0
169	5	0.  0
169	6	0.  0
169	7	0.  0
169	8	0.  0
169	9	0.  0
169	10	0.  0
169	11	0.  0
169	12	0.  0
169	13	0.  0
169	14	0.  0
169	15	0.  0
169	16	0.  0